196.0
-3.0
-2.0
-2.0
0.0
-38.0
-4.0
-5.0
-84.0
-4.0
-45.0
-2.0
-2.0
-2.0
-2.0
-20.0
-7.0
-3.0
-4.0
-4.0
197.0
20.0
62.0
1.0
4.0
196.0
-20.0
-4.0
196.0
0.0
-194.0
-5.0
-19.0
-5.0
-21.0
-29.0
-1.0
-3.0
-2.0
-2.0
197.0
-6.0
200.0
40.0
3.0
-6.0
-16.0
-2.0
200.0
26.0
-8.0
-2.0
0.0
198.0
133.0
-22.0
-5.0
-3.0
-3.0
162.0
184.0
196.0
192.0
200.0
200.0
-28.0
178.0
23.0
200.0
200.0
-70.0
-1.0
-29.0
195.0
200.0
-5.0
-5.0
-7.0
79.0
0.0
